 
 
 dt =    1.0000000474974513E-003
           1  -561.74548746728863        18750.000000000000        18188.254512532712        193.64916731037084     
           2  -560.08396171735239        18746.687918143994        18186.603956426643        193.63206303783468     
           3  -555.09420016115553        18739.817431445354        18184.723231284199        193.59657761151334     
           4  -546.21769959092694        18728.736657918580        18182.518958327651        193.53933273584767     
           5  -532.60216848840230        18712.410769747530        18179.808601259127        193.45495997646341     
           6  -513.11930825387901        18689.544272074781        18176.424963820904        193.33672321664491     
           7  -486.27406707160935        18658.444922749703        18172.170855678094        193.17580036200033     
           8  -450.14536539786565        18616.970391037772        18166.825025639908        192.96098253811712     
           9  -402.32275030623993        18562.481560712666        18160.158810406425        192.67839298018168     
          10  -339.84563920351377        18491.689679706324        18151.844040502809        192.31063246584327     
          11  -259.03309649769307        18400.615566877805        18141.582470380112        191.83646976984227     
          12  -155.44456280942740        18284.543446315329        18129.098883505900        191.23045492972781     
          13  -23.759548188457540        18137.726574679771        18113.967026491315        190.46115916207049     
          14   142.48104692762797        17953.491404806642        18095.972451734269        189.49137924880193     
          15   350.74205807160956        17724.502053817901        18075.244111889511        188.27905913201235     
          16   609.10747765733493        17443.545776847852        18052.653254505185        186.78086506303504     
          17   925.27681457306778        17105.291052804751        18030.567867377817        184.96102861308245     
          18   1304.2890861368710        16709.703353345525        18013.992439482397        182.80975550197275     
          19   1744.5066232448144        16267.357523840265        18011.864147085078        180.37382029463291     
          20   2231.3961943115023        15806.315683179717        18037.711877491220        177.79941329025650     
          21   2730.7786062214514        15376.722698313290        18107.501304534740        175.36660285421104     
          22   3186.0171618303029        15046.683251872570        18232.700413702871        173.47439725718934     
          23   3526.4825834028361        14882.850783634547        18409.333367037383        172.52739367204586     
          24   3691.4702015989401        14919.379253364417        18610.849454963358        172.73898953834606     
          25   3660.9692046507475        15134.312740236754        18795.281944887502        173.97880756136223     
          26   3471.8295052151084        15454.357292643213        18926.186797858321        175.80874433681171     
          27   3204.2643597045503        15785.950665637778        18990.215025342328        177.68483708880609     
          28   2949.1623926309426        16048.069292807661        18997.231685438604        179.15395219088893     
          29   2780.9221384528400        16186.899963867210        18967.822102320049        179.92720730266009     
          30   2748.6848317049794        16174.553983140642        18923.238814845623        179.85857768336012     
          31   2878.5689887080057        16007.622769686384        18886.191758394390        178.92804570377660     
          32   3170.3247799200785        15720.582859830953        18890.907639751033        177.31656921918466     
          33   3577.4099184171000        15410.382074158983        18987.791992576083        175.55843513861123     
          34   3985.9485550870832        15227.331526917842        19213.280082004923        174.51264439528640     
          35   4248.2125297239227        15278.778614314961        19526.991144038882        174.80720016243586     
          36   4294.9837723706587        15519.948988581080        19814.932760951739        176.18143482547234     
          37   4206.1883390559506        15801.895595413309        20008.083934469258        177.77455158381534     
          38   4116.9513685386964        16040.392075658794        20157.343444197490        179.11109443950588     
          39   4063.7357842222946        16303.028051770490        20366.763835992784        180.57147090152691     
          40   3947.4676355203414        16718.247650517817        20665.715286038158        182.85648826616909     
          41   3661.4125757167881        17294.062729756588        20955.475305473377        185.97883067573358     
          42   3240.0484389464291        17887.385455946784        21127.433894893213        189.14219759718762     
          43   2832.5641404222524        18339.497813913913        21172.061954336164        191.51761179543729     
          44   2572.8980402050033        18581.596634716476        21154.494674921480        192.77757460200849     
          45   2503.8492643873947        18644.774834124426        21148.624098511820        193.10502237965963     
          46   2584.4961808787198        18613.237842090577        21197.734022969296        192.94163802606516     
          47   2734.9724530276476        18579.447236011434        21314.419689039081        192.76642464916671     
          48   2872.2503248099938        18619.288263776030        21491.538588586023        192.97299429596893     
          49   2930.0679327342104        18775.275888876458        21705.343821610670        193.77964748072208     
          50   2878.9150088159176        19025.467840617988        21904.382849433907        195.06649041092624     
          51   2760.6917897319131        19269.349210058095        22030.040999790010        196.31275664132525     
          52   2676.3886188517904        19414.988128739576        22091.376747591366        197.05323204017526     
          53   2688.9256066098997        19462.972744363120        22151.898350973021        197.29659269416246     
          54   2782.7594902152632        19454.168898817654        22236.928389032917        197.25196525671248     
          55   2930.8962515899339        19395.733822082500        22326.630073672433        196.95549660815510     
          56   3141.8468175039420        19269.594793358334        22411.441610862275        196.31400761717609     
          57   3427.3249326863979        19110.982656613058        22538.307589299457        195.50438694112754     
          58   3721.2925220872644        19056.329545730867        22777.622067818131        195.22463751141078     
          59   3879.5923218793100        19216.442947305659        23096.035269184969        196.04307152922115     
          60   3834.8385535872699        19528.256102016097        23363.094655603367        197.62720512123880     
          61   3680.0000279745836        19831.297604577459        23511.297632552043        199.15470169984670     
          62   3574.5542915320971        19980.323879237305        23554.878170769403        199.90159518741868     
          63   3660.9729939099375        19910.698819882855        23571.671813792793        199.55299456476646     
          64   3976.9468068855144        19809.386806239148        23786.333613124661        199.04465230816501     
          65   4245.1729016836234        20124.408798308425        24369.581699992050        200.62107964173867     
          66   4162.5949217601155        20535.055122439549        24697.650044199665        202.65761827495925     
          67   4158.7006767774683        20568.778992671654        24727.479669449123        202.82395811477329     
          68   4425.2473000916716        20547.823531791630        24973.070831883302        202.72061331690782     
          69   4631.4333000710358        20776.494564014731        25407.927864085766        203.84550308512931     
          70   4598.2283002971735        21187.222475224724        25785.450775521898        205.85054032100439     
          71   4423.7313557454436        21600.946251984686        26024.677607730129        207.85064951538970     
          72   4255.6120947497175        21942.478894033578        26198.090988783297        209.48736904182829     
          73   4123.2994631475840        22254.689444916450        26377.988908064035        210.97246002697344     
          74   4013.5629096266252        22492.824146973184        26506.387056599808        212.09820436285256     
          75   4008.3870503608359        22570.077671770854        26578.464722131692        212.46212684509609     
          76   4177.0194436011843        22558.250016827322        26735.269460428506        212.40645007545001     
          77   4380.1612525059309        22782.493429272668        27162.654681778600        213.45956726871094     
          78   4314.8746786292440        23326.925081137524        27641.799759766767        215.99502346645639     
          79   4059.1690797227116        23802.577309245436        27861.746388968149        218.18605505047950     
          80   3993.2110349588329        23992.559531151583        27985.770566110416        219.05505943096398     
          81   4297.5346454430810        24469.773116219432        28767.307761662512        221.22284292640049     
          82   4038.6525377615840        26454.454263373838        30493.106801135422        230.01936554722448     
          83   2916.0869267408502        27432.839429907308        30348.926356648157        234.23423929864441     
          84   2621.5911999790073        27404.322356742476        30025.913556721483        234.11246167917878     
          85   2902.8949917199147        27072.132977975682        29975.027969695595        232.68920463990452     
          86   3405.5017789776739        26653.882479926091        30059.384258903767        230.88474388718754     
          87   3984.2176145518556        26301.112548602174        30285.330163154031        229.35174971472171     
          88   4493.2851671989456        26183.711879435425        30676.997046634369        228.83929679771097     
          89   4769.1338401344483        26419.998659418474        31189.132499552921        229.86952237919004     
          90   4736.4322793450974        26842.879994143033        31579.312273488133        231.70187739482404     
          91   4634.0909596597612        27049.291721684705        31683.382681344468        232.59102184600636     
          92   4754.4342991794783        26997.299292748598        31751.733591928074        232.36737848824046     
          93   5081.8052479435437        26878.097453030408        31959.902700973951        231.85382228046365     
          94   5444.2138096456092        26967.190997074056        32411.404806719664        232.23777038661930     
          95   5603.1787571991244        27390.199635726196        32993.378392925319        234.05212938884446     
          96   5464.8465094672028        28188.359431431083        33653.205940898290        237.43782104555746     
          97   4946.8189823482853        29220.030125320503        34166.849107668786        241.74379051103051     
          98   4320.9610108510014        29996.208689001651        34317.169699852653        244.93349582693523     
          99   3917.3343266009715        30449.226301733663        34366.560628334635        246.77611838155516     
         100   3774.5840507272737        30633.480996083792        34408.065046811069        247.52163944222650     
         101   3838.8695155921582        30773.577362486067        34612.446878078226        248.08699023723943     
         102   3862.0321145608223        31125.993303802810        34988.025418363635        249.50348015129092     
         103   3700.8023456690439        31529.064826709400        35229.867172378443        251.11377830262282     
         104   3555.8775349872299        31741.025462124860        35296.902997112091        251.95644648281916     
         105   3592.8562434552073        31757.311648262639        35350.167891717843        252.02107708786042     
         106   3768.9776034656302        31747.891154099030        35516.868757564662        251.98369452843187     
         107   3923.5976620681686        31856.285476313627        35779.883138381796        252.41349201781441     
         108   3978.7350676404799        32059.647708029068        36038.382775669546        253.21788131184206     
         109   3983.6791991452915        32257.775608395790        36241.454807541078        253.99911656695105     
         110   4048.8237231655035        32302.163495436620        36350.987218602124        254.17381255918801     
         111   4298.2841691818739        32169.855614826378        36468.139784008250        253.65273747715153     
         112   4736.4825456294602        31930.915159643653        36667.397705273113        252.70898345584652     
         113   5381.8459227927806        31732.836036115135        37114.681958907917        251.92394104616233     
         114   5984.6297462996718        32267.969204891670        38252.598951191343        254.03924580620085     
         115   6018.0613478395871        33534.476481197526        39552.537829037115        258.97674212638293     
         116   5443.5883936382152        34869.829337500996        40313.417731139212        264.08267393943510     
         117   5034.7665772130404        35348.776468853583        40383.543046066625        265.89011440387770     
         118   5142.9541886789420        35733.565613704348        40876.519802383293        267.33337095732867     
         119   5146.7018295165890        36564.227185490432        41710.929015007023        270.42273271857317     
         120   4917.0261486474365        37294.755447479838        42211.781596127272        273.11080332890475     
         121   4828.0429498411022        38626.047605866210        43454.090555707313        277.94261136380732     
         122   3964.3728053490631        40280.742327080727        44245.115132429790        283.83355096633915     
         123   3219.7621574194809        40675.044711328650        43894.806868748128        285.21937070026871     
         124   3336.4141130360704        40377.759490914468        43714.173603950541        284.17515546195966     
         125   4007.9317171380085        39879.413608939663        43887.345326077673        282.41605339973034     
         126   4805.9016242524331        40064.111506602610        44870.013130855041        283.06929012735594     
         127   5061.5774493226709        40643.795424869888        45705.372874192559        285.10978736223660     
         128   5117.8734110518772        41338.376036000693        46456.249447052571        287.53565356665143     
         129   5000.5717903294926        41778.974807238628        46779.546597568122        289.06391959993425     
         130   5249.8237292445074        41560.734998641936        46810.558727886440        288.30794300068089     
         131   6309.2287832533784        41275.887002663854        47585.115785917231        287.31824516610095     
         132   7122.3072283942765        43264.069209886555        50386.376438280829        294.15665625610637     
         133   6323.0782449593644        44941.072005214664        51264.150250174032        299.80350900286231     
         134   5970.1704437789449        45402.515102035184        51372.685545814129        301.33873001005094     
         135   6731.7915180935370        45187.472138756886        51919.263656850424        300.62425763320192     
         136   7915.7858576710023        48400.019613882730        56315.805471553729        311.12704676348125     
         137   6429.3309768976251        50918.377685947278        57347.708662844903        319.11871673703905     
         138   6754.8872899575181        51445.016423737805        58199.903713695327        320.76476247785638     
         139   8087.1143788009495        56459.414738879197        64546.529117680147        336.03397071986399     
         140   5377.3185689729626        60830.695608998205        66208.014177971170        348.79993007166217     
         141   4111.4621408278308        61296.747948436954        65408.210089264787        350.13354009131132     
         142   4179.7026985659704        61203.081936808361        65382.784635374330        349.86592270985284     
         143   4893.9005685441289        61217.242637317497        66111.143205861619        349.90639501820340     
         144   4950.7055016769909        63019.896814420397        67970.602316097385        355.02083548552582     
         145   4360.1484436666160        63146.676983264755        67506.825426931377        355.37776234104678     
         146   5408.5490684240121        61669.595295421219        67078.144363845233        351.19679752361418     
         147   8340.3896858017652        63269.697089884437        71610.086775686199        355.72376105591945     
         148   6955.5774874948374        69094.282620777376        76049.860108272216        371.73722606372735     
         149   5164.8881470514953        69400.393365752767        74565.281512804257        372.55977605144858     
         150   6575.3214938358187        68163.495573592707        74738.817067428521        369.22485174644652     
         151   10749.204709724665        73855.179107911143        84604.383817635811        384.33105289037246     
         152   8959.6805909512605        81170.015019982937        90129.695610934199        402.91442024326443     
         153   8118.6088951400934        87655.820193743741        95774.429088883830        418.70232909250393     
         154   7796.5284767851190        85547.166087343183        93343.694564128295        413.63550642405733     
         155   12617.405579298456        113258.22858752958        125875.63416682804        475.93745090616596     
         156   5839.3509382162092        114739.64351199174        120578.99445020796        479.03996391113708     
         157   5686.6535743645109        114930.79122185170        120617.44479621621        479.43882033446499     
         158   6043.5429519136223        114598.35224448406        120641.89519639769        478.74492633235093     
         159   7341.5163545007899        112917.23965207690        120258.75600657769        475.22045337312005     
         160   11400.511639855427        109908.24407765665        121308.75571751207        468.84591088684277     
         161   14784.236944623546        122480.56034251215        137264.79728713571        494.93547123339653     
         162   9748.9554194773955        126406.03011642989        136154.98553590727        502.80419671365092     
         163   14284.428310096126        108058.63028558165        122343.05859567778        464.88413671705695     
         164   303348.25360918150        77392212.057585955        77695560.311195135        12441.238849695472     
         165   5275249.2996189781        40737727130.475777        40743002379.775398        285439.05524814146     
         166   18385.045585548836        40714156315.276192        40714174700.321777        285356.46589932457     
         167   8768158.4628056623        103334046496.65688        103342814655.11967        454607.62531364756     
