  0.80000001192092896        367.14644950272651       -535.21228890883606       -168.06583940610923        4.0391599789941015        2.9780792264144385     
  0.80000001192092896        226.32313955407491       -535.48104794075186       -309.15790838667715        3.4252504475278402       0.25801336148699955     
  0.80000001192092896        226.07521632458707       -535.41103910239190       -309.33582277780488        3.4273430845227049       0.15633424010573513     
  0.80000001192092896        224.63593799849266       -534.92291940463565       -310.28698140614347        3.4371921438961563       0.26606976684777606     
  0.80000001192092896        225.11103811348858       -534.64957547781216       -309.53853736432472        3.4474474514305715       0.46377180887094660     
  0.80000001192092896        227.43537320241882       -534.69589388504039       -307.26052068262157        3.4575446584416540       0.46353068624413302     
  0.80000001192092896        226.28052799379662       -534.46997740891459       -308.18944941511825        3.4602568926073607       0.48796964388662595     
  0.80000001192092896        226.91959659747403       -534.50376636611213       -307.58416976863816        3.4607606360629628       0.64916283199462688     
  0.80000001192092896        225.61387694902805       -534.31186589630511       -308.69798894727683        3.4609152852772840       0.68401454177200172     
  0.80000001192092896        225.96625457954190       -533.88307101580472       -307.91681643626310        3.4751866950954562        1.2011891986036318     
  0.80000001192092896        220.25359250981683       -533.48716687143417       -313.23357436161785        3.4621566883503987        1.1307342008353396     
  0.80000001192092896        226.63744096222948       -533.08753664665312       -306.45009568442345        3.5018679654197644       0.96614599972334869     
  0.80000001192092896        226.47752938830865       -532.32123250429152       -305.84370311598303        3.5258620543482007        1.1362591861638398     
  0.80000001192092896        226.87587811302382       -532.25829892508830       -305.38242081206340        3.5291652218181486        1.0318133464408012     
  0.80000001192092896        224.12237508353260       -533.43053899526330       -309.30816391173136        3.4797961831079056       0.72665396797530557     
  0.80000001192092896        226.78998657763674       -533.55008611010828       -306.76009953247234        3.4891072760061301       0.79285866701971686     
  0.80000001192092896        223.93018643566828       -532.78399643345040       -308.85380999778192        3.5022541261334568       0.98228955361311454     
  0.80000001192092896        227.83338523422947       -532.82384468037719       -304.99045944614767        3.5184655497993993        1.4262314041135438     
  0.80000001192092896        226.05678739101452       -532.97660114894018       -306.91981375792619        3.5058904064808716        1.6206117744978614     
  0.80000001192092896        225.51220194150886       -532.83773689917359       -307.32553495766427        3.5061540386651995        1.5890605475245505     
  0.80000001192092896        229.09198996044614       -532.56497945195019       -303.47298949150314        3.5304289127503692        1.6177565253750117     
  0.80000001192092896        226.07676816533740       -531.85745396323784       -305.78068579790045        3.5392080527921816        1.7137608045931088     
  0.80000001192092896        226.66175959678500       -531.69567784460787       -305.03391824782250        3.5460324858134906        1.7511784905003145     
  0.80000001192092896        222.27983175720914       -531.27256506159540       -308.99273330438621        3.5398064598369059        1.8989944422119700     
  0.80000001192092896        224.56551414285252       -531.13464214839178       -306.56912800553857        3.5549462768107265        1.9593597510168084     
  0.80000001192092896        222.34570513065390       -530.57418760659073       -308.22848247593691        3.5631839172949489        1.9365646253686899     
  0.80000001192092896        226.84125780363800       -529.54446933160250       -302.70321152796419        3.6148231201613070        1.8360775361214976     
  0.80000001192092896        228.72875196236950       -528.52383909382127       -299.79508713145225        3.6558918179147053        1.8528825275918561     
  0.80000001192092896        226.74718648815494       -529.05815147406508       -302.31096498590978        3.6310310477173147        1.8525333814086729     
  0.80000001192092896        229.27049506323024       -528.28255470984163       -299.01205964661074        3.6670362540151595        1.7533428321046609     
  0.80000001192092896        224.60235575502713       -527.80514839005286       -303.20279263502539        3.6632198514657905        1.6264638575933112     
  0.80000001192092896        225.65914109220915       -527.58934665143306       -301.93020555922362        3.6735624857114590        1.4267154586041164     
  0.80000001192092896        223.07520960059463       -528.14681829998233       -305.07160869938843        3.6456719166411142        1.6495787225549843     
  0.80000001192092896        221.52063955559331       -528.38497133297017       -306.86433177737689        3.6320471778513497        1.6280466924009154     
  0.80000001192092896        228.59824621506129       -528.13576014505793       -299.53751392999686        3.6691985588494478        1.6405173681475258     
  0.80000001192092896        227.15700621931882       -527.93994705184627       -300.78294083252740        3.6697894943340694        1.6190359137973036     
  0.80000001192092896        227.72385535977222       -527.95801931963524       -300.23416395986408        3.6740792068757000        1.6959530290315572     
  0.80000001192092896        224.20347668867447       -528.69257846905600       -304.48910178038125        3.6345768512546104        1.7488247457471275     
  0.80000001192092896        230.16122820793780       -528.76270574011698       -298.60147753218018        3.6563170033211878        1.8473840507980204     
  0.80000001192092896        227.20978325122204       -527.52324591143406       -300.31346266021205        3.6817124113770725        1.7796598416849736     
  0.80000001192092896        227.40746353018733       -526.67706944151848       -299.26960591133144        3.7095720135686121        1.5467063229632771     
  0.80000001192092896        226.35022699012259       -525.88954869176075       -299.53932170163785        3.7312620312827045        1.3874411711934340     
  0.80000001192092896        224.53275761626549       -524.83051417625870       -300.29775655999356        3.7566981712817937        1.4982284464441282     
  0.80000001192092896        227.75782481175222       -524.94487123646604       -297.18704642471323        3.7664906575199506        1.8498337868723294     
  0.80000001192092896        228.80652057092723       -525.54560963330141       -296.73908906237381        3.7515147829680666        1.7403966306868310     
  0.80000001192092896        221.17915616750349       -524.97884550773483       -303.79968934023145        3.7356582711676971        1.6057677527571843     
  0.80000001192092896        225.66202717728737       -525.29236973658112       -299.63034255929409        3.7459054404509140        1.4660736418829328     
  0.80000001192092896        226.59669892644933       -526.30522355978280       -299.70852463333398        3.7187901928790428        1.4312020344546341     
  0.80000001192092896        226.17845467208340       -526.75289296957499       -300.57443829749155        3.7021461065192223        1.3877875879185610     
  0.80000001192092896        224.33111035209222       -526.02127847994734       -301.69016812785537        3.7169775287043594        1.4409119985930123     
  0.80000001192092896        225.01147205092778       -526.20722152952703       -301.19574947859843        3.7127794108313004        1.6193646722140278     
  0.80000001192092896        223.34922469661205       -526.16202699158919       -302.81280229497702        3.7077016296396144        1.5973119725911904     
  0.80000001192092896        225.15730988962781       -526.21175523580291       -301.05444534617521        3.7144735752964464        1.6190935908197448     
  0.80000001192092896        223.21966898960494       -526.97434755998654       -303.75467857038103        3.6812817530877182        1.6192775204325700     
  0.80000001192092896        222.39221991929739       -526.64247700307783       -304.25025708378030        3.6881850789861224        1.6587409403844147     
  0.80000001192092896        227.00831355834472       -526.27582717504617       -299.26751361670159        3.7188140424134901        1.8442461338990288     
  0.80000001192092896        223.47206640747549       -525.91581722368369       -302.44375081620814        3.7163791666218242        1.5730303890828590     
  0.80000001192092896        223.93174942698568       -526.08301077682597       -302.15126134984058        3.7142797495532687        1.6366541616144643     
  0.80000001192092896        224.40850461212756       -525.83223945973032       -301.42373484760202        3.7237151131148374        1.4205184878271702     
  0.80000001192092896        224.95953967952960       -525.92916267312955       -300.96962299360052        3.7219707604234586        1.3111220743579797     
  0.80000001192092896        223.32127081922494       -526.17992236021746       -302.85865154099230        3.7058781705204247        1.3875387271618096     
  0.80000001192092896        222.07480331522925       -526.41128937795793       -304.33648606272806        3.6950885411199956        1.3878787656035334     
  0.80000001192092896        224.80851827696546       -526.33879814596912       -301.53027986900435        3.7097452978341336        1.4352353222594945     
  0.80000001192092896        230.07685720235000       -527.02089507643950       -296.94403787409010        3.7109020825649179        1.2842013416398217     
  0.80000001192092896        224.81954186837552       -526.91772415303785       -302.09818228466156        3.6921235277216868        1.2487445955044958     
  0.80000001192092896        227.15418696050719       -526.65298930193774       -299.49880234143149        3.7111425451911386        1.5457618158789086     
  0.80000001192092896        226.87952108275232       -526.15104903011343       -299.27152794736134        3.7257463562337167        1.6045115742375731     
  0.80000001192092896        227.08298128069222       -525.63942731100860       -298.55644603031629        3.7428713075292519        1.6142169750204114     
  0.80000001192092896        222.86685366898161       -524.43082140153024       -301.56396773254846        3.7618204458751365        1.6109323905039563     
  0.80000001192092896        228.00982727692872       -524.23204090274965       -296.22221362582195        3.7907630785245501        1.5811345082286237     
  0.80000001192092896        221.92806365192860       -523.27644751610194       -301.34838386417300        3.7938628404518804        1.3874505989140005     
  0.80000001192092896        225.38089861559476       -523.74358941652952       -298.36269080093433        3.7937498881928780        1.3448172156603102     
  0.80000001192092896        221.38573126053703       -524.18348545945685       -302.79775419891996        3.7623316614842057        1.3879613551733092     
  0.80000001192092896        227.59099885186967       -524.52406878571026       -296.93306993384010        3.7784518398660301        1.3882688877275420     
  0.80000001192092896        225.03575711083636       -524.43895036433457       -299.40319325349924        3.7699849686392386        1.1642765547484275     
  0.80000001192092896        221.35914752325027       -524.37976190366055       -303.02061438041113        3.7559145973736121        1.1761621261724775     
  0.80000001192092896        224.11178538430650       -523.50557134306780       -299.39378595876218        3.7956870437123023        1.1563121155570404     
  0.80000001192092896        221.13307362160870       -523.29231435433928       -302.15924073273084        3.7891769156692945        1.1560824098575964     
  0.80000001192092896        228.68032899036450       -524.20157903297184       -295.52125004260682        3.7936996203508460        1.1113493017004894     
  0.80000001192092896        227.55051970117552       -524.14545014207522       -296.59493044089982        3.7905019573649024        1.1436793611411809     
  0.80000001192092896        225.74380901219851       -524.58257365925203       -298.83876464705349        3.7680788838236832        1.3290516173337006     
  0.80000001192092896        223.40428398691606       -524.78018508004277       -301.37590109312623        3.7523120353062840        1.3309586043396542     
  0.80000001192092896        225.40465933249570       -525.11318564175281       -299.70852630925748        3.7507809259049605        1.3863631527332858     
  0.80000001192092896        224.71096698827438       -525.17611563313756       -300.46514864486318        3.7448977066016482        1.3865260256943861     
  0.80000001192092896        226.56462064420984       -524.75178658577215       -298.18716594156234        3.7661072583535029        1.3865007396545939     
  0.80000001192092896        228.35855332524932       -524.74759010622529       -296.38903678097540        3.7750165260537165        1.4193653824530972     
  0.80000001192092896        226.62928940814945       -524.44090335968031       -297.81161395153111        3.7790315009538848        1.2256809166458555     
  0.80000001192092896        229.84094992478074       -524.42822676129788       -294.58727683651728        3.7927906146945891        1.4546459184355802     
  0.80000001192092896        227.19329105768526       -524.52900673116574       -297.33571567348031        3.7792180294452198        1.6065784409080435     
  0.80000001192092896        222.53961220419870       -524.06306322463604       -301.52345102043660        3.7743284159881525        1.4306504067737096     
  0.80000001192092896        226.19060006842889       -524.06995255841753       -297.87935248998861        3.7896552836883961        1.3181423188551711     
  0.80000001192092896        225.74474680865225       -524.11979744364817       -298.37505063499549        3.7842973678235632        1.1557203835608385     
  0.80000001192092896        225.97871235435920       -523.60792079889336       -297.62920844453367        3.8011021872674924        1.1436520864238300     
  0.80000001192092896        224.41904082596204       -524.21213759093416       -299.79309676497314        3.7749353098461564        1.0041079424513788     
  0.80000001192092896        224.82729371040557       -524.65238538182109       -299.82509167141609        3.7633268377017672        1.0906354892576164     
  0.80000001192092896        225.16182532818053       -525.05796141225903       -299.89613608407905        3.7528891641469242        1.4489955019470153     
  0.80000001192092896        224.82404127449925       -524.89436264358164       -300.07032136908174        3.7568917192848899        1.5603617419434817     
  0.80000001192092896        227.36260600880811       -524.81395178144737       -297.45134577263877        3.7699488006964388        1.7861020522554840     
  0.80000001192092896        224.18731360930391       -524.16840539181271       -299.98109178250877        3.7779195699851607        1.8615357966668393     
  0.80000001192092896        224.76948770872622       -523.84002132685021       -299.07053361812382        3.7907343487412284        1.9396558281482321     
  0.80000001192092896        227.21442610613383       -523.23988759628912       -296.02546149015518        3.8211855799220076        1.8747773264563148     
  0.80000001192092896        226.79318699918835       -523.17344809214671       -296.38026109295777        3.8214934461376795        2.1362848223393591     
  0.80000001192092896        228.54003618629972       -522.58056651759910       -294.04053033129969        3.8473029963308019        2.1170307491848694     
  0.80000001192092896        223.43335426669847       -523.37660918455106       -299.94325491785293        3.8011213386429192        1.9091955343347851     
  0.80000001192092896        225.39083671620745       -523.42046174492430       -298.02962502871696        3.8095459977150283        1.8705686200578271     
  0.80000001192092896        226.91560410990476       -523.07814638251580       -296.16254227261163        3.8287513944666149        1.9740995424378887     
  0.80000001192092896        227.72327239077444       -522.84332102867063       -295.12004863789616        3.8392261907600114        1.9950236055277151     
  0.80000001192092896        228.24349566183483       -523.27798121240221       -295.03448555056787        3.8291651294637536        1.7638735845080473     
  0.80000001192092896        226.90051428353064       -523.34412810348329       -296.44361381995304        3.8218837973089004        1.5539218496416505     
  0.80000001192092896        225.44858035438702       -523.25104361197566       -297.80246325758833        3.8175548134394428        1.7997993588085694     
  0.80000001192092896        227.76261891810628       -523.02376851540077       -295.26114959729495        3.8343022906194375        1.8508154714075775     
  0.80000001192092896        223.97988412647157       -523.04250819026583       -299.06262406379477        3.8185722968213414        1.7599131745104883     
  0.80000001192092896        222.55001067083003       -522.56245892332413       -300.01244825249370        3.8265886373642597        1.6264661671610630     
  0.80000001192092896        225.72420522884642       -522.77316375416490       -297.04895852531706        3.8350645456117016        1.4923208340977323     
  0.80000001192092896        226.63377120556447       -523.34510050083463       -296.71132929526982        3.8225855193882321        1.4734505583292172     
  0.80000001192092896        219.95953397926979       -523.58845181155516       -303.62891783228542        3.7854972604825394        1.7336739423097989     
  0.80000001192092896        223.81323365473693       -523.18545396000491       -299.37222030526732        3.8140964168642757        1.9396563117870089     
  0.80000001192092896        224.87119834393823       -523.40582236106320       -298.53462401712505        3.8127148592788718        1.8839721617286569     
  0.80000001192092896        223.79964389365324       -524.29228798733902       -300.49264409368550        3.7803864875026436        1.8132663995725196     
  0.80000001192092896        225.56045796549549       -524.28743078955392       -298.72697282405863        3.7881285587988707        2.0198959668025900     
  0.80000001192092896        225.45969705658479       -524.50998165675958       -299.05028460017456        3.7827282650619938        1.9452037345912871     
  0.80000001192092896        226.70496071002319       -525.28532129453015       -298.58036058450682        3.7642329797417964        1.8889992365032944     
  0.80000001192092896        227.70039968261392       -524.82624597123083       -297.12584628861646        3.7848007804639576        1.9741758598350529     
  0.80000001192092896        223.27752103360490       -525.39437585217729       -302.11685481857251        3.7492512016349413        1.8738072163918806     
  0.80000001192092896        223.32091598141966       -525.87250625392096       -302.55159027250176        3.7335597817565112        2.2686784278565728     
  0.80000001192092896        224.90700659303704       -525.89525032732877       -300.98824373429147        3.7396097793724401        2.1640095754988722     
  0.80000001192092896        227.59920442910345       -526.14044089707488       -298.54123646797046        3.7428966564951640        2.2052664137825135     
  0.80000001192092896        226.76439148887792       -526.69323472812425       -299.92884323924505        3.7222500125225220        2.4612106207243056     
  0.80000001192092896        218.78024599971829       -527.56551673362765       -308.78527073390910        3.6623437323132668        2.3412098508294683     
  0.80000001192092896        222.62833742761612       -528.05398950946937       -305.42565208185283        3.6640731019513746        2.4769432170539805     
  0.80000001192092896        226.81077792088925       -527.48645661784713       -300.67567869695813        3.6985915709170358        2.2572344646729237     
  0.80000001192092896        224.59446430738362       -527.21458089516238       -302.62011658777914        3.6973238833942395        2.1490721305409122     
  0.80000001192092896        225.85763184517762       -526.82736357900603       -300.96973173382867        3.7155043618464125        2.3783216973766410     
  0.80000001192092896        224.71973782168411       -526.54597586544628       -301.82623804376237        3.7206885611198168        2.4815520002958973     
  0.80000001192092896        223.48838085654697       -526.60770872039416       -303.11932786384756        3.7161378676070251        2.4626018329230988     
  0.80000001192092896        224.81979323537169       -526.56552155251234       -301.74572831713959        3.7238502002289335        2.5449018646069841     
  0.80000001192092896        225.53208785715321       -526.32727409808615       -300.79518624093350        3.7348437442747837        2.6971857266592547     
  0.80000001192092896        227.79281031771004       -525.83680513056220       -298.04399481285208        3.7609926787960646        2.5412372658853171     
  0.80000001192092896        225.77211386960349       -525.62883935033688       -299.85672548073342        3.7605565014104743        2.5305084224001670     
  0.80000001192092896        221.29944547030107       -526.51713982131469       -305.21769435101481        3.7136566401808113        2.7575245680382250     
  0.80000001192092896        224.12853081845901       -526.76291139478019       -302.63438057632140        3.7185416428958722        2.7721779689095394     
  0.80000001192092896        222.52851900507491       -526.41750138493614       -303.88898237986035        3.7227788194375662        2.7720749827452682     
  0.80000001192092896        225.44598061811229       -526.57422527343567       -301.12824465532333        3.7305727225394896        2.7653645302156118     
  0.80000001192092896        227.46580089294588       -526.95081211116133       -299.48501121821613        3.7266913714380943        2.6409270596038183     
  0.80000001192092896        229.64496513523201       -527.45591600982334       -297.81095087459130        3.7198995047932470        2.5417146243343454     
  0.80000001192092896        229.92200439774828       -527.83087446280990       -297.90887006506131        3.7078425264857886        2.5391372585614063     
  0.80000001192092896        224.71707814344347       -528.19451280008320       -303.47743465664001        3.6726464018942875        2.6995635444253097     
  0.80000001192092896        228.10164005006763       -527.58002611276743       -299.47838606269983        3.7076211549766147        2.7715325325637363     
  0.80000001192092896        225.33985603893450       -527.45483906228878       -302.11498302335389        3.6988008602495541        2.7595753296687455     
